
Most Uncertain Predictions (Per Game Model):
 Year             Name  Age  G  All_Star  Prob_Per  Prob_Adv  Pred_Per  Pred_Adv      MPG       FG      FGA      FG%       3P      3PA   3P%       2P      2PA      2P%     eFG%       FT      FTA      FT%  ORB      DRB      TRB      AST      STL     BLK      TOV       PF      PTS      PER      TS%     3PAr      FTr     ORB%     DRB%     TRB%     AST%     STL%     AST%     TOV%     USG%      OWS      DWS       WS    WS/48     OBPM     DBPM      BPM     VORP
 2013    Zach Randolph   31 76       1.0  0.499443  0.629025       0.0       1.0 0.764075 0.491525 0.477099 0.392344 0.000000 0.022727 0.087 0.551402 0.583333 0.419580 0.394737 0.287129 0.311475 0.637155 0.80 0.618182 0.688312 0.113043 0.259259 0.12500 0.327273 0.540541 0.406877 0.509868 0.419023 0.025000 0.263747 0.770115 0.651235 0.703863 0.103943 0.256410 0.103943 0.238411 0.470085 0.325581 0.531915 0.417840 0.558603 0.480447 0.297297 0.372093 0.284722
 2013    Kevin Garnett   36 68       1.0  0.497565  0.700667       0.0       1.0 0.640751 0.491525 0.438931 0.478469 0.000000 0.015152 0.125 0.551402 0.541667 0.501166 0.483254 0.217822 0.237705 0.689405 0.20 0.572727 0.467532 0.191304 0.370370 0.28125 0.254545 0.513514 0.389685 0.552632 0.493573 0.021591 0.205703 0.235632 0.672840 0.540773 0.231183 0.435897 0.231183 0.205298 0.509972 0.244186 0.436170 0.309859 0.528678 0.474860 0.621622 0.483721 0.340278
 2006      Sam Cassell   36 78       0.0  0.511071  0.774125       1.0       1.0 0.756032 0.500000 0.507634 0.351675 0.176471 0.181818 0.368 0.476636 0.518519 0.396270 0.428230 0.356436 0.344262 0.801161 0.08 0.254545 0.201299 0.539130 0.296296 0.03125 0.363636 0.675676 0.458453 0.529605 0.491003 0.194318 0.271894 0.080460 0.197531 0.145923 0.555556 0.307692 0.555556 0.261589 0.524217 0.418605 0.329787 0.403756 0.538653 0.541899 0.324324 0.437209 0.347222
 2005  Stephen Jackson   26 51       0.0  0.487637  0.262397       0.0       0.0 0.793566 0.516949 0.576336 0.255981 0.392157 0.424242 0.360 0.392523 0.458333 0.319347 0.406699 0.356436 0.360656 0.753266 0.16 0.327273 0.279221 0.191304 0.444444 0.09375 0.400000 0.702703 0.501433 0.444079 0.449871 0.396591 0.250509 0.149425 0.290123 0.231760 0.215054 0.435897 0.215054 0.248344 0.601140 0.197674 0.255319 0.192488 0.401496 0.474860 0.310811 0.376744 0.256944
 2003 Latrell Sprewell   32 74       0.0  0.473268  0.141352       0.0       0.0 0.879357 0.483051 0.541985 0.255981 0.352941 0.371212 0.372 0.373832 0.453704 0.298368 0.397129 0.217822 0.229508 0.701016 0.10 0.254545 0.214286 0.382609 0.481481 0.09375 0.381818 0.378378 0.435530 0.391447 0.395887 0.362500 0.161914 0.080460 0.188272 0.128755 0.326165 0.410256 0.326165 0.264901 0.455840 0.232558 0.202128 0.197183 0.331671 0.463687 0.310811 0.367442 0.284722
 2017 Danilo Gallinari   28 63       0.0  0.532944  0.315572       1.0       0.0 0.753351 0.415254 0.416031 0.361244 0.392157 0.386364 0.389 0.280374 0.287037 0.470862 0.562201 0.534653 0.491803 0.857765 0.10 0.372727 0.298701 0.173913 0.185185 0.06250 0.200000 0.297297 0.487106 0.493421 0.717224 0.490909 0.490835 0.091954 0.330247 0.236052 0.136201 0.153846 0.136201 0.129139 0.381766 0.500000 0.106383 0.366197 0.581047 0.581006 0.202703 0.427907 0.312500
 2018    Klay Thompson   27 73       1.0  0.540337  0.214296       1.0       0.0 0.764075 0.635593 0.580153 0.459330 0.607843 0.537879 0.440 0.411215 0.388889 0.552448 0.691388 0.099010 0.098361 0.763425 0.06 0.272727 0.207792 0.208696 0.259259 0.15625 0.290909 0.324324 0.538682 0.447368 0.655527 0.502273 0.049898 0.063218 0.194444 0.141631 0.173835 0.205128 0.173835 0.172185 0.487179 0.319767 0.223404 0.276995 0.431421 0.519553 0.108108 0.344186 0.250000
 2004  Jamaal Magloire   25 82       1.0  0.459509  0.375690       0.0       0.0 0.753351 0.364407 0.339695 0.423445 0.000000 0.000000 0.000 0.411215 0.430556 0.431235 0.423445 0.415842 0.459016 0.638607 0.64 0.609091 0.629870 0.078261 0.148148 0.37500 0.418182 0.810811 0.355301 0.463816 0.534704 0.001136 0.557026 0.591954 0.629630 0.622318 0.071685 0.128205 0.071685 0.403974 0.381766 0.366279 0.425532 0.403756 0.523691 0.374302 0.297297 0.288372 0.201389
 2005      Ben Wallace   30 74       1.0  0.457648  0.652976       0.0       1.0 0.812332 0.305085 0.297710 0.375598 0.000000 0.007576 0.111 0.345794 0.375000 0.393939 0.377990 0.168317 0.327869 0.169811 0.76 0.709091 0.753247 0.139130 0.481481 0.75000 0.163636 0.459459 0.243553 0.493421 0.298201 0.015909 0.440937 0.718391 0.694444 0.725322 0.109319 0.487179 0.109319 0.172185 0.245014 0.244186 0.744681 0.446009 0.578554 0.435754 0.743243 0.493023 0.402778
 2009    Rashard Lewis   29 79       1.0  0.542970  0.791728       1.0       1.0 0.815013 0.483051 0.488550 0.342105 0.549020 0.530303 0.397 0.280374 0.287037 0.449883 0.583732 0.267327 0.270492 0.761974 0.22 0.381818 0.331169 0.217391 0.333333 0.18750 0.327273 0.567568 0.472779 0.473684 0.609254 0.578409 0.216904 0.189655 0.305556 0.257511 0.197133 0.307692 0.197133 0.241722 0.438746 0.412791 0.542553 0.492958 0.596010 0.575419 0.527027 0.534884 0.465278


Most Uncertain Predictions (Advanced Stats Model):
 Year               Name  Age  G  All_Star  Prob_Per  Prob_Adv  Pred_Per  Pred_Adv      MPG       FG      FGA      FG%       3P      3PA   3P%       2P      2PA      2P%     eFG%       FT      FTA      FT%  ORB      DRB      TRB      AST      STL     BLK      TOV       PF      PTS      PER      TS%     3PAr      FTr     ORB%     DRB%     TRB%     AST%     STL%     AST%     TOV%     USG%      OWS      DWS       WS    WS/48     OBPM     DBPM      BPM     VORP
 2017      Klay Thompson   26 78       1.0  0.613822  0.497694       1.0       0.0 0.756032 0.669492 0.633588 0.411483 0.666667 0.628788 0.414 0.420561 0.402778 0.529138 0.643541 0.227723 0.221311 0.786647 0.10 0.236364 0.201299 0.173913 0.259259 0.15625 0.254545 0.378378 0.604585 0.493421 0.640103 0.534091 0.126273 0.103448 0.160494 0.128755 0.139785 0.230769 0.139785 0.122517 0.555556 0.383721 0.340426 0.380282 0.518703 0.558659 0.175676 0.400000 0.312500
 2005 Zydrunas Ilgauskas   29 78       1.0  0.617048  0.506993       1.0       1.0 0.742627 0.466102 0.442748 0.411483 0.000000 0.007576 0.286 0.514019 0.550926 0.419580 0.413876 0.504950 0.516393 0.708273 0.74 0.400000 0.519481 0.104348 0.222222 0.65625 0.400000 0.972973 0.449857 0.562500 0.532134 0.007955 0.488798 0.735632 0.407407 0.527897 0.091398 0.205128 0.091398 0.311258 0.498575 0.418605 0.382979 0.427230 0.568579 0.441341 0.324324 0.353488 0.263889
 2006     Andrés Nocioni   26 82       0.0  0.150261  0.485316       0.0       0.0 0.576408 0.364407 0.347328 0.394737 0.215686 0.219697 0.391 0.299065 0.305556 0.466200 0.528708 0.237624 0.237705 0.772134 0.20 0.418182 0.357143 0.113043 0.148148 0.18750 0.236364 0.729730 0.338109 0.450658 0.575835 0.325000 0.261711 0.241379 0.524691 0.424893 0.134409 0.153846 0.134409 0.231788 0.418803 0.331395 0.393617 0.361502 0.556110 0.469274 0.513514 0.441860 0.326389
 2017        Dwyane Wade   35 60       0.0  0.605883  0.540977       1.0       1.0 0.646113 0.550847 0.568702 0.330144 0.156863 0.181818 0.310 0.551402 0.597222 0.389277 0.385167 0.356436 0.377049 0.701016 0.20 0.281818 0.253247 0.321739 0.481481 0.21875 0.381818 0.405405 0.489971 0.529605 0.424165 0.172727 0.264766 0.195402 0.265432 0.223176 0.372760 0.538462 0.372760 0.231788 0.655271 0.191860 0.297872 0.206573 0.421446 0.513966 0.513514 0.479070 0.326389
 2016  Jonas Valančiūnas   23 60       0.0  0.318623  0.564446       0.0       1.0 0.541555 0.398305 0.301527 0.643541 0.000000 0.000000 0.000 0.448598 0.384259 0.643357 0.643541 0.257426 0.286885 0.653120 0.60 0.518182 0.551948 0.052174 0.111111 0.40625 0.218182 0.594595 0.332378 0.664474 0.686375 0.000000 0.369654 0.770115 0.688272 0.738197 0.059140 0.128205 0.059140 0.251656 0.407407 0.401163 0.287234 0.370892 0.723192 0.541899 0.324324 0.441860 0.277778
 2002   Chauncey Billups   25 82       0.0  0.170314  0.567044       0.0       1.0 0.613941 0.322034 0.343511 0.303828 0.294118 0.287879 0.394 0.224299 0.259259 0.354312 0.483254 0.237624 0.229508 0.833091 0.06 0.172727 0.142857 0.469565 0.259259 0.06250 0.272727 0.459459 0.323782 0.500000 0.544987 0.435227 0.254582 0.074713 0.160494 0.111588 0.496416 0.307692 0.496416 0.288079 0.393162 0.494186 0.191489 0.403756 0.586035 0.597765 0.310811 0.479070 0.368056
 2005      Rashard Lewis   25 71       1.0  0.645066  0.585824       1.0       1.0 0.863271 0.601695 0.580153 0.397129 0.470588 0.462121 0.400 0.448598 0.439815 0.489510 0.576555 0.297030 0.319672 0.676343 0.28 0.318182 0.318182 0.104348 0.370370 0.28125 0.272727 0.486486 0.553009 0.559211 0.586118 0.426136 0.215886 0.264368 0.265432 0.253219 0.089606 0.307692 0.089606 0.149007 0.495726 0.540698 0.191489 0.441315 0.571072 0.675978 0.283784 0.534884 0.451389
 2019    Khris Middleton   27 77       1.0  0.622870  0.600815       1.0       1.0 0.678284 0.525424 0.530534 0.346890 0.450980 0.469697 0.378 0.364486 0.379630 0.456876 0.533493 0.267327 0.270492 0.763425 0.10 0.445455 0.350649 0.365217 0.333333 0.03125 0.381818 0.486486 0.489971 0.463816 0.552699 0.469318 0.194501 0.109195 0.385802 0.296137 0.333333 0.333333 0.333333 0.258278 0.527066 0.284884 0.414894 0.333333 0.503741 0.463687 0.405405 0.400000 0.298611
 2013     Tyson Chandler   30 66       1.0  0.375523  0.393459       0.0       0.0 0.723861 0.296610 0.194656 0.818182 0.000000 0.000000 0.000 0.336449 0.254630 0.813520 0.818182 0.257426 0.311475 0.555878 0.80 0.563636 0.655844 0.069565 0.185185 0.34375 0.200000 0.648649 0.263610 0.542763 0.843188 0.000000 0.622200 0.787356 0.626543 0.690987 0.053763 0.179487 0.053763 0.337748 0.182336 0.529070 0.308511 0.483568 0.713217 0.508380 0.351351 0.423256 0.305556
 2003 Zydrunas Ilgauskas   27 81       1.0  0.572748  0.390440       1.0       0.0 0.648794 0.483051 0.492366 0.346890 0.000000 0.007576 0.000 0.542056 0.611111 0.358974 0.346890 0.475248 0.508197 0.682148 0.58 0.381818 0.448052 0.130435 0.222222 0.59375 0.436364 0.810811 0.458453 0.559211 0.444730 0.004545 0.429735 0.597701 0.413580 0.480687 0.154122 0.230769 0.154122 0.304636 0.603989 0.308140 0.255319 0.281690 0.443890 0.452514 0.283784 0.348837 0.250000


Most Confident Incorrect Predictions (Per Game Model) - High Confidence:
 Year            Name  Age  G  All_Star  Prob_Per  Prob_Adv  Pred_Per  Pred_Adv      MPG       FG      FGA      FG%       3P      3PA   3P%       2P      2PA      2P%     eFG%       FT      FTA      FT%  ORB      DRB      TRB      AST      STL     BLK      TOV       PF      PTS      PER      TS%     3PAr      FTr     ORB%     DRB%     TRB%     AST%     STL%     AST%     TOV%     USG%      OWS      DWS       WS    WS/48     OBPM     DBPM      BPM     VORP
 2007     Elton Brand   27 80       0.0  0.931467  0.941153       1.0       1.0 0.876676 0.652542 0.538168 0.566986 0.000000 0.000000 1.000 0.728972 0.671296 0.566434 0.566986 0.425743 0.467213 0.653120 0.66 0.509091 0.564935 0.243478 0.333333 0.68750 0.418182 0.702703 0.553009 0.680921 0.611825 0.001136 0.353360 0.580460 0.441358 0.497854 0.236559 0.256410 0.236559 0.271523 0.504274 0.558140 0.489362 0.586854 0.645885 0.614525 0.500000 0.558140 0.513889
 2008 Stephen Jackson   29 73       0.0  0.726687  0.172070       1.0       0.0 0.892761 0.533898 0.591603 0.260766 0.490196 0.522727 0.363 0.364486 0.416667 0.340326 0.442584 0.405941 0.409836 0.756168 0.16 0.272727 0.246753 0.347826 0.444444 0.12500 0.454545 0.513514 0.541547 0.411184 0.496144 0.472727 0.278004 0.114943 0.179012 0.133047 0.245520 0.333333 0.245520 0.274834 0.470085 0.325581 0.180851 0.262911 0.389027 0.486034 0.229730 0.353488 0.270833
 2007     Paul Pierce   29 47       0.0  0.932962  0.856493       1.0       1.0 0.836461 0.635593 0.652672 0.342105 0.450980 0.446970 0.389 0.504673 0.537037 0.405594 0.492823 0.663366 0.696721 0.703919 0.14 0.427273 0.344156 0.347826 0.333333 0.09375 0.545455 0.594595 0.681948 0.634868 0.586118 0.368182 0.447047 0.126437 0.395062 0.283262 0.369176 0.282051 0.369176 0.284768 0.686610 0.360465 0.202128 0.300469 0.566085 0.698324 0.297297 0.558140 0.368056
 2001      Jalen Rose   28 72       0.0  0.841158  0.740119       1.0       1.0 0.941019 0.635593 0.622137 0.385167 0.156863 0.181818 0.339 0.635514 0.657407 0.435897 0.440191 0.386139 0.385246 0.750363 0.08 0.372727 0.285714 0.513043 0.296296 0.18750 0.490909 0.756757 0.553009 0.506579 0.480720 0.159091 0.247454 0.063218 0.246914 0.171674 0.487455 0.230769 0.487455 0.294702 0.538462 0.418605 0.297872 0.389671 0.493766 0.541899 0.337838 0.446512 0.368056
 2014       Ty Lawson   26 62       0.0  0.829642  0.668317       1.0       1.0 0.804290 0.440678 0.458015 0.322967 0.235294 0.250000 0.356 0.383178 0.421296 0.386946 0.428230 0.504950 0.524590 0.706821 0.10 0.218182 0.188312 0.756522 0.555556 0.06250 0.545455 0.378378 0.469914 0.546053 0.542416 0.285227 0.478615 0.086207 0.138889 0.098712 0.657706 0.487179 0.657706 0.417219 0.458689 0.418605 0.191489 0.342723 0.536160 0.586592 0.324324 0.469767 0.354167
 2018    Nikola Jokić   22 75       0.0  0.930737  0.979084       1.0       1.0 0.718499 0.533898 0.477099 0.485646 0.294118 0.280303 0.396 0.457944 0.421296 0.580420 0.617225 0.336634 0.336066 0.782293 0.50 0.700000 0.655844 0.521739 0.407407 0.25000 0.472727 0.648649 0.495702 0.723684 0.668380 0.314773 0.281059 0.494253 0.737654 0.669528 0.503584 0.384615 0.503584 0.370861 0.501425 0.593023 0.340426 0.549296 0.723192 0.720670 0.608108 0.683721 0.562500
 2021       John Wall   30 40       0.0  0.848491  0.264576       1.0       0.0 0.707775 0.584746 0.656489 0.258373 0.392157 0.469697 0.317 0.476636 0.523148 0.372960 0.387560 0.386139 0.426230 0.635704 0.06 0.218182 0.168831 0.591304 0.370370 0.25000 0.600000 0.216216 0.555874 0.427632 0.411311 0.389773 0.261711 0.051724 0.175926 0.103004 0.621864 0.307692 0.621864 0.344371 0.715100 0.081395 0.117021 0.037559 0.179551 0.491620 0.135135 0.330233 0.208333
 2021    Devin Booker   24 67       0.0  0.894895  0.670413       1.0       1.0 0.753351 0.754237 0.694656 0.449761 0.372549 0.416667 0.340 0.663551 0.606481 0.592075 0.566986 0.495050 0.475410 0.806967 0.08 0.300000 0.233766 0.365217 0.259259 0.06250 0.527273 0.621622 0.699140 0.552632 0.627249 0.327273 0.275967 0.074713 0.250000 0.175966 0.342294 0.230769 0.342294 0.268212 0.743590 0.308140 0.244681 0.276995 0.456359 0.519553 0.202703 0.376744 0.270833


Most Confident Incorrect Predictions (Per Game Model) - Low Confidence:
 Year          Name  Age  G  All_Star  Prob_Per  Prob_Adv  Pred_Per  Pred_Adv      MPG       FG      FGA      FG%       3P      3PA   3P%       2P      2PA      2P%     eFG%       FT      FTA      FT%  ORB      DRB      TRB      AST      STL     BLK      TOV       PF      PTS      PER      TS%     3PAr      FTr     ORB%     DRB%     TRB%     AST%     STL%     AST%     TOV%     USG%      OWS      DWS       WS    WS/48     OBPM     DBPM      BPM     VORP
 2019 Dirk Nowitzki   40 51       1.0  0.007639  0.020972       0.0       0.0 0.262735 0.186441 0.244275 0.150718 0.254902 0.303030 0.312 0.102804 0.129630 0.293706 0.354067 0.069307 0.073770 0.680697  0.0 0.236364 0.162338 0.052174 0.037037 0.12500 0.036364 0.297297 0.174785 0.236842 0.323907 0.619318 0.100815 0.017241 0.509259 0.330472 0.096774 0.051282 0.096774 0.000000 0.452991 0.110465 0.117021 0.061033 0.236908 0.273743 0.229730 0.181395 0.152778
 2014   Joe Johnson   32 79       1.0  0.219802  0.189156       0.0       0.0 0.718499 0.457627 0.454198 0.377990 0.411765 0.386364 0.401 0.327103 0.333333 0.466200 0.566986 0.188119 0.196721 0.731495  0.1 0.218182 0.181818 0.226087 0.185185 0.03125 0.236364 0.324324 0.418338 0.430921 0.568123 0.451136 0.160896 0.103448 0.194444 0.145923 0.241935 0.179487 0.241935 0.182119 0.447293 0.366279 0.138298 0.276995 0.423940 0.536313 0.148649 0.372093 0.277778
 2016   Kobe Bryant   37 66       1.0  0.299887  0.119374       0.0       0.0 0.600536 0.474576 0.606870 0.148325 0.392157 0.537879 0.285 0.345794 0.425926 0.282051 0.289474 0.336634 0.344262 0.747460  0.1 0.245455 0.201299 0.234783 0.296296 0.06250 0.327273 0.351351 0.469914 0.411184 0.323907 0.477273 0.221996 0.109195 0.256173 0.180258 0.315412 0.358974 0.315412 0.168874 0.729345 0.087209 0.085106 0.028169 0.172070 0.474860 0.067568 0.288372 0.194444


Most Confident Incorrect Predictions (Advanced Stats Model) - High Confidence:
 Year              Name  Age  G  All_Star  Prob_Per  Prob_Adv  Pred_Per  Pred_Adv      MPG       FG      FGA      FG%       3P      3PA   3P%       2P      2PA      2P%     eFG%       FT      FTA      FT%  ORB      DRB      TRB      AST      STL     BLK      TOV       PF      PTS      PER      TS%     3PAr      FTr     ORB%     DRB%     TRB%     AST%     STL%     AST%     TOV%     USG%      OWS      DWS       WS    WS/48     OBPM     DBPM      BPM     VORP
 2007       Elton Brand   27 80       0.0  0.931467  0.941153       1.0       1.0 0.876676 0.652542 0.538168 0.566986 0.000000 0.000000 1.000 0.728972 0.671296 0.566434 0.566986 0.425743 0.467213 0.653120 0.66 0.509091 0.564935 0.243478 0.333333 0.68750 0.418182 0.702703 0.553009 0.680921 0.611825 0.001136 0.353360 0.580460 0.441358 0.497854 0.236559 0.256410 0.236559 0.271523 0.504274 0.558140 0.489362 0.586854 0.645885 0.614525 0.500000 0.558140 0.513889
 2007       Paul Pierce   29 47       0.0  0.932962  0.856493       1.0       1.0 0.836461 0.635593 0.652672 0.342105 0.450980 0.446970 0.389 0.504673 0.537037 0.405594 0.492823 0.663366 0.696721 0.703919 0.14 0.427273 0.344156 0.347826 0.333333 0.09375 0.545455 0.594595 0.681948 0.634868 0.586118 0.368182 0.447047 0.126437 0.395062 0.283262 0.369176 0.282051 0.369176 0.284768 0.686610 0.360465 0.202128 0.300469 0.566085 0.698324 0.297297 0.558140 0.368056
 2001        Jalen Rose   28 72       0.0  0.841158  0.740119       1.0       1.0 0.941019 0.635593 0.622137 0.385167 0.156863 0.181818 0.339 0.635514 0.657407 0.435897 0.440191 0.386139 0.385246 0.750363 0.08 0.372727 0.285714 0.513043 0.296296 0.18750 0.490909 0.756757 0.553009 0.506579 0.480720 0.159091 0.247454 0.063218 0.246914 0.171674 0.487455 0.230769 0.487455 0.294702 0.538462 0.418605 0.297872 0.389671 0.493766 0.541899 0.337838 0.446512 0.368056
 2006       Sam Cassell   36 78       0.0  0.511071  0.774125       1.0       1.0 0.756032 0.500000 0.507634 0.351675 0.176471 0.181818 0.368 0.476636 0.518519 0.396270 0.428230 0.356436 0.344262 0.801161 0.08 0.254545 0.201299 0.539130 0.296296 0.03125 0.363636 0.675676 0.458453 0.529605 0.491003 0.194318 0.271894 0.080460 0.197531 0.145923 0.555556 0.307692 0.555556 0.261589 0.524217 0.418605 0.329787 0.403756 0.538653 0.541899 0.324324 0.437209 0.347222
 2018      Nikola Jokić   22 75       0.0  0.930737  0.979084       1.0       1.0 0.718499 0.533898 0.477099 0.485646 0.294118 0.280303 0.396 0.457944 0.421296 0.580420 0.617225 0.336634 0.336066 0.782293 0.50 0.700000 0.655844 0.521739 0.407407 0.25000 0.472727 0.648649 0.495702 0.723684 0.668380 0.314773 0.281059 0.494253 0.737654 0.669528 0.503584 0.384615 0.503584 0.370861 0.501425 0.593023 0.340426 0.549296 0.723192 0.720670 0.608108 0.683721 0.562500
 2020 Jonas Valančiūnas   27 70       0.0  0.632415  0.732867       1.0       1.0 0.552279 0.491525 0.366412 0.691388 0.098039 0.098485 0.352 0.504673 0.402778 0.764569 0.741627 0.198020 0.229508 0.622642 0.58 0.709091 0.694805 0.156522 0.111111 0.34375 0.290909 0.594595 0.392550 0.651316 0.740360 0.139773 0.241344 0.689655 0.870370 0.841202 0.168459 0.128205 0.168459 0.298013 0.424501 0.383721 0.329787 0.375587 0.650873 0.541899 0.418919 0.474419 0.319444
 2000    Scottie Pippen   34 82       0.0  0.403047  0.715102       0.0       1.0 0.742627 0.364407 0.362595 0.370813 0.196078 0.242424 0.327 0.317757 0.310185 0.505828 0.490431 0.188119 0.213115 0.589260 0.26 0.409091 0.370130 0.426087 0.481481 0.15625 0.418182 0.567568 0.323782 0.460526 0.488432 0.347727 0.229124 0.270115 0.376543 0.347639 0.397849 0.512821 0.397849 0.447020 0.370370 0.337209 0.500000 0.413146 0.538653 0.530726 0.621622 0.530233 0.451389


Most Confident Incorrect Predictions (Advanced Stats Model) - Low Confidence:
 Year           Name  Age  G  All_Star  Prob_Per  Prob_Adv  Pred_Per  Pred_Adv      MPG       FG      FGA      FG%       3P      3PA   3P%       2P      2PA      2P%     eFG%       FT      FTA      FT%  ORB      DRB      TRB      AST      STL     BLK      TOV       PF      PTS      PER      TS%     3PAr      FTr     ORB%     DRB%     TRB%     AST%     STL%     AST%     TOV%     USG%      OWS      DWS       WS    WS/48     OBPM     DBPM      BPM     VORP
 2022 Andrew Wiggins   26 73       1.0  0.320225  0.255045       0.0       0.0 0.699732 0.516949 0.496183 0.406699 0.431373 0.416667 0.393 0.383178 0.365741 0.522145 0.590909 0.188119 0.254098 0.468795 0.22 0.263636 0.253247 0.182609 0.333333 0.21875 0.236364 0.486486 0.458453 0.414474 0.557841 0.445455 0.200611 0.212644 0.212963 0.201717 0.166667 0.333333 0.166667 0.155629 0.470085 0.244186 0.393617 0.286385 0.458853 0.441341 0.405405 0.381395 0.277778
 2005 Antawn Jamison   28 68       1.0  0.605380  0.264667       1.0       0.0 0.871314 0.610169 0.629771 0.337321 0.196078 0.234848 0.341 0.588785 0.638889 0.391608 0.406699 0.316832 0.352459 0.651669 0.46 0.445455 0.454545 0.191304 0.259259 0.06250 0.272727 0.486486 0.527221 0.476974 0.419023 0.198864 0.218941 0.362069 0.373457 0.356223 0.164875 0.205128 0.164875 0.129139 0.498575 0.360465 0.212766 0.300469 0.446384 0.508380 0.121622 0.339535 0.250000
 2018  Klay Thompson   27 73       1.0  0.540337  0.214296       1.0       0.0 0.764075 0.635593 0.580153 0.459330 0.607843 0.537879 0.440 0.411215 0.388889 0.552448 0.691388 0.099010 0.098361 0.763425 0.06 0.272727 0.207792 0.208696 0.259259 0.15625 0.290909 0.324324 0.538682 0.447368 0.655527 0.502273 0.049898 0.063218 0.194444 0.141631 0.173835 0.205128 0.173835 0.172185 0.487179 0.319767 0.223404 0.276995 0.431421 0.519553 0.108108 0.344186 0.250000
 2019  Dirk Nowitzki   40 51       1.0  0.007639  0.020972       0.0       0.0 0.262735 0.186441 0.244275 0.150718 0.254902 0.303030 0.312 0.102804 0.129630 0.293706 0.354067 0.069307 0.073770 0.680697 0.00 0.236364 0.162338 0.052174 0.037037 0.12500 0.036364 0.297297 0.174785 0.236842 0.323907 0.619318 0.100815 0.017241 0.509259 0.330472 0.096774 0.051282 0.096774 0.000000 0.452991 0.110465 0.117021 0.061033 0.236908 0.273743 0.229730 0.181395 0.152778
 2014    Joe Johnson   32 79       1.0  0.219802  0.189156       0.0       0.0 0.718499 0.457627 0.454198 0.377990 0.411765 0.386364 0.401 0.327103 0.333333 0.466200 0.566986 0.188119 0.196721 0.731495 0.10 0.218182 0.181818 0.226087 0.185185 0.03125 0.236364 0.324324 0.418338 0.430921 0.568123 0.451136 0.160896 0.103448 0.194444 0.145923 0.241935 0.179487 0.241935 0.182119 0.447293 0.366279 0.138298 0.276995 0.423940 0.536313 0.148649 0.372093 0.277778
 2016    Kobe Bryant   37 66       1.0  0.299887  0.119374       0.0       0.0 0.600536 0.474576 0.606870 0.148325 0.392157 0.537879 0.285 0.345794 0.425926 0.282051 0.289474 0.336634 0.344262 0.747460 0.10 0.245455 0.201299 0.234783 0.296296 0.06250 0.327273 0.351351 0.469914 0.411184 0.323907 0.477273 0.221996 0.109195 0.256173 0.180258 0.315412 0.358974 0.315412 0.168874 0.729345 0.087209 0.085106 0.028169 0.172070 0.474860 0.067568 0.288372 0.194444
 2019  Klay Thompson   28 78       1.0  0.602401  0.273710       1.0       0.0 0.756032 0.677966 0.648855 0.409091 0.607843 0.583333 0.402 0.467290 0.449074 0.529138 0.614833 0.158416 0.155738 0.732946 0.08 0.272727 0.207792 0.200000 0.370370 0.18750 0.236364 0.432432 0.581662 0.467105 0.586118 0.485227 0.080448 0.068966 0.188272 0.133047 0.161290 0.307692 0.161290 0.096026 0.541311 0.308140 0.276596 0.295775 0.433915 0.486034 0.202703 0.348837 0.263889


Players Where Models Disagreed:
 Year               Name  Age  G  All_Star  Prob_Per  Prob_Adv  Pred_Per  Pred_Adv      MPG       FG      FGA      FG%       3P      3PA   3P%       2P      2PA      2P%     eFG%       FT      FTA      FT%  ORB      DRB      TRB      AST      STL     BLK      TOV       PF      PTS      PER      TS%     3PAr      FTr     ORB%     DRB%     TRB%     AST%     STL%     AST%     TOV%     USG%      OWS      DWS       WS    WS/48     OBPM     DBPM      BPM     VORP
 2001        Brian Grant   28 82       0.0  0.408942  0.657357       0.0       1.0 0.750670 0.466102 0.431298 0.437799 0.000000 0.000000 0.000 0.523364 0.541667 0.445221 0.437799 0.326733 0.344262 0.705370 0.50 0.518182 0.532468 0.095652 0.222222 0.28125 0.345455 0.864865 0.401146 0.496711 0.496144 0.001136 0.321792 0.511494 0.540123 0.536481 0.102151 0.230769 0.102151 0.278146 0.478632 0.354651 0.563830 0.455399 0.573566 0.407821 0.418919 0.358140 0.270833
 2003 Zydrunas Ilgauskas   27 81       1.0  0.572748  0.390440       1.0       0.0 0.648794 0.483051 0.492366 0.346890 0.000000 0.007576 0.000 0.542056 0.611111 0.358974 0.346890 0.475248 0.508197 0.682148 0.58 0.381818 0.448052 0.130435 0.222222 0.59375 0.436364 0.810811 0.458453 0.559211 0.444730 0.004545 0.429735 0.597701 0.413580 0.480687 0.154122 0.230769 0.154122 0.304636 0.603989 0.308140 0.255319 0.281690 0.443890 0.452514 0.283784 0.348837 0.250000
 2022    Cade Cunningham   20 64       0.0  0.691925  0.133201       1.0       0.0 0.718499 0.533898 0.576336 0.287081 0.352941 0.431818 0.314 0.429907 0.453704 0.426573 0.418660 0.207921 0.204918 0.775036 0.16 0.381818 0.318182 0.478261 0.407407 0.21875 0.636364 0.729730 0.464183 0.351974 0.413882 0.400000 0.131365 0.143678 0.376543 0.270386 0.494624 0.384615 0.494624 0.437086 0.595442 0.000000 0.234043 0.023474 0.169576 0.363128 0.324324 0.288372 0.194444
 2008    Stephen Jackson   29 73       0.0  0.726687  0.172070       1.0       0.0 0.892761 0.533898 0.591603 0.260766 0.490196 0.522727 0.363 0.364486 0.416667 0.340326 0.442584 0.405941 0.409836 0.756168 0.16 0.272727 0.246753 0.347826 0.444444 0.12500 0.454545 0.513514 0.541547 0.411184 0.496144 0.472727 0.278004 0.114943 0.179012 0.133047 0.245520 0.333333 0.245520 0.274834 0.470085 0.325581 0.180851 0.262911 0.389027 0.486034 0.229730 0.353488 0.270833
 2005     Antawn Jamison   28 68       1.0  0.605380  0.264667       1.0       0.0 0.871314 0.610169 0.629771 0.337321 0.196078 0.234848 0.341 0.588785 0.638889 0.391608 0.406699 0.316832 0.352459 0.651669 0.46 0.445455 0.454545 0.191304 0.259259 0.06250 0.272727 0.486486 0.527221 0.476974 0.419023 0.198864 0.218941 0.362069 0.373457 0.356223 0.164875 0.205128 0.164875 0.129139 0.498575 0.360465 0.212766 0.300469 0.446384 0.508380 0.121622 0.339535 0.250000
 2016  Jonas Valančiūnas   23 60       0.0  0.318623  0.564446       0.0       1.0 0.541555 0.398305 0.301527 0.643541 0.000000 0.000000 0.000 0.448598 0.384259 0.643357 0.643541 0.257426 0.286885 0.653120 0.60 0.518182 0.551948 0.052174 0.111111 0.40625 0.218182 0.594595 0.332378 0.664474 0.686375 0.000000 0.369654 0.770115 0.688272 0.738197 0.059140 0.128205 0.059140 0.251656 0.407407 0.401163 0.287234 0.370892 0.723192 0.541899 0.324324 0.441860 0.277778
 2002   Chauncey Billups   25 82       0.0  0.170314  0.567044       0.0       1.0 0.613941 0.322034 0.343511 0.303828 0.294118 0.287879 0.394 0.224299 0.259259 0.354312 0.483254 0.237624 0.229508 0.833091 0.06 0.172727 0.142857 0.469565 0.259259 0.06250 0.272727 0.459459 0.323782 0.500000 0.544987 0.435227 0.254582 0.074713 0.160494 0.111588 0.496416 0.307692 0.496416 0.288079 0.393162 0.494186 0.191489 0.403756 0.586035 0.597765 0.310811 0.479070 0.368056
 2018      Klay Thompson   27 73       1.0  0.540337  0.214296       1.0       0.0 0.764075 0.635593 0.580153 0.459330 0.607843 0.537879 0.440 0.411215 0.388889 0.552448 0.691388 0.099010 0.098361 0.763425 0.06 0.272727 0.207792 0.208696 0.259259 0.15625 0.290909 0.324324 0.538682 0.447368 0.655527 0.502273 0.049898 0.063218 0.194444 0.141631 0.173835 0.205128 0.173835 0.172185 0.487179 0.319767 0.223404 0.276995 0.431421 0.519553 0.108108 0.344186 0.250000
 2016     Andrew Wiggins   20 81       0.0  0.604271  0.147426       1.0       0.0 0.785523 0.584746 0.572519 0.389952 0.137255 0.174242 0.300 0.588785 0.601852 0.459207 0.442584 0.514851 0.565574 0.653120 0.24 0.172727 0.194805 0.165217 0.333333 0.18750 0.363636 0.432432 0.558739 0.463816 0.514139 0.167045 0.410387 0.224138 0.108025 0.128755 0.154122 0.282051 0.154122 0.208609 0.586895 0.337209 0.106383 0.239437 0.369077 0.474860 0.094595 0.302326 0.215278
 2017       Derrick Rose   28 64       0.0  0.558986  0.188404       1.0       0.0 0.715818 0.576271 0.545802 0.418660 0.039216 0.068182 0.217 0.626168 0.634259 0.461538 0.433014 0.336634 0.319672 0.817126 0.18 0.218182 0.207792 0.373913 0.222222 0.09375 0.381818 0.243243 0.481375 0.480263 0.480720 0.069318 0.229124 0.172414 0.163580 0.150215 0.381720 0.205128 0.381720 0.251656 0.544160 0.279070 0.095745 0.187793 0.366584 0.480447 0.121622 0.316279 0.215278

